0 0.55 0.4578125 0.046875 0.0671875
0 0.24296875 0.79453125 0.0984375 0.13828125
0 0.72734375 0.79453125 0.0890625 0.1296875
0 0.8984375 0.68671875 0.06484375 0.09609375
2 0.10078125 0.5546875 0.16484375 0.2609375
2 0.11484375 0.30546875 0.109375 0.1875
2 0.23359375 0.4296875 0.109375 0.203125
2 0.27421875 0.75546875 0.1921875 0.35078125
2 0.38359375 0.36953125 0.09375 0.16328125
2 0.43046875 0.52890625 0.09375 0.21875
2 0.54375 0.46171875 0.08671875 0.16484375
2 0.6171875 0.62265625 0.11796875 0.23203125
2 0.73125 0.5734375 0.1046875 0.19609375
2 0.73515625 0.8328125 0.15859375 0.30390625
2 0.8953125 0.68671875 0.1296875 0.21640625
0 0.26015625 0.8015625 0.0828125 0.1609375
0 0.425 0.565625 0.06484375 0.0828125