2 0.71953125 0.73203125 0.14921875 0.21015625
2 0.875 0.59609375 0.14296875 0.21015625
2 0.71953125 0.47890625 0.1046875 0.171875
2 0.60703125 0.53984375 0.10703125 0.20546875
2 0.5359375 0.41171875 0.0984375 0.15859375
2 0.425 0.46875 0.13203125 0.21015625
2 0.27890625 0.68046875 0.17421875 0.33046875
2 0.11015625 0.5234375 0.16328125 0.25703125
2 0.22421875 0.39140625 0.1359375 0.16328125
2 0.20546875 0.2890625 0.10234375 0.171875
2 0.37734375 0.3046875 0.1203125 0.1671875
0 0.0890625 0.496875 0.0625 0.0734375
0 0.25546875 0.7375 0.09140625 0.1453125
0 0.71015625 0.68671875 0.07109375 0.08671875
0 0.5359375 0.37734375 0.03125 0.0578125
0 0.875 0.5828125 0.0671875 0.11171875