0 0.70078125 0.7234375 0.0578125 0.125
0 0.86953125 0.6203125 0.06953125 0.10703125
0 0.23515625 0.7625 0.11796875 0.140625
0 0.06484375 0.515625 0.05390625 0.09375
0 0.52890625 0.421875 0.04921875 0.07578125
0 0.21875 0.6125 0.07109375 0.06953125
2 0.71953125 0.77421875 0.171875 0.28984375
2 0.86484375 0.6203125 0.1453125 0.2140625
2 0.7140625 0.51875 0.0984375 0.171875
2 0.59921875 0.57734375 0.12265625 0.19453125
2 0.53203125 0.434375 0.109375 0.16328125
2 0.41640625 0.49296875 0.11796875 0.21875
2 0.265625 0.70390625 0.1609375 0.3015625
2 0.09609375 0.52578125 0.13828125 0.265625
2 0.18828125 0.31015625 0.12265625 0.16953125
2 0.3078125 0.42421875 0.09375 0.21015625
2 0.3625 0.3390625 0.078125 0.13828125
0 0.41953125 0.53046875 0.07109375 0.06015625